[gd_scene load_steps=11 format=3 uid="uid://bkb3kstcbwkse"]

[ext_resource type="PackedScene" uid="uid://x4xnc85khpl5" path="res://scenes/path_3d_rope.tscn" id="1_n5yqt"]
[ext_resource type="PackedScene" uid="uid://dl2ed4gkybggf" path="res://objects/player.tscn" id="2_eix37"]
[ext_resource type="Script" uid="uid://bcg2kkbsnttec" path="res://scripts/view.gd" id="3_qs6ff"]
[ext_resource type="PackedScene" uid="uid://cnymdajj1vsqm" path="res://objects/platform.tscn" id="4_jieyl"]
[ext_resource type="PackedScene" uid="uid://itpds7aplnge" path="res://scenes/hud/hud.tscn" id="5_a1njh"]
[ext_resource type="PackedScene" uid="uid://cnq51r1gqkxf3" path="res://scenes/city.tscn" id="6_h4ats"]
[ext_resource type="PackedScene" uid="uid://ds3m4lqwamxeb" path="res://objects/pick-up/pick_up_1.tscn" id="11_wt5jy"]
[ext_resource type="PackedScene" uid="uid://1iju53es60n3" path="res://objects/combat_zone/combat_zone.tscn" id="12_sacgu"]

[sub_resource type="Curve3D" id="Curve3D_jrndn"]
resource_local_to_scene = true
bake_interval = 512.0
_data = {
"points": PackedVector3Array(0, 0, 0, 0, 0, 0, -0.08562492, 1.351955, 3.2011096, 0, 0, 0, 0, 0, 0, -0.16045713, 0.21007806, 2.6620414, 0, 0, 0, 0, 0, 0, 0.27778625, 0.68509376, 1.3044547, 0, 0, 0, 0, 0, 0, 0.09544802, 0.70007294, 0.80603015, 0, 0, 0, 0, 0, 0, -0.07307196, 0.54541457, -0.32616508),
"tilts": PackedFloat32Array(0, 0, 0, 0, 0)
}
point_count = 5

[sub_resource type="Environment" id="Environment_hl6ae"]
background_mode = 1
background_color = Color(0.6784314, 0.4627451, 0.13333334, 1)
background_energy_multiplier = 0.85
ambient_light_color = Color(0.4351923, 0.43519226, 0.43519226, 1)

[node name="Node3D" type="Node3D"]

[node name="Path3DRope" parent="." node_paths=PackedStringArray("rigidbody_attached_to_start", "rigidbody_attached_to_end") instance=ExtResource("1_n5yqt")]
transform = Transform3D(1, 0, 0, 0, 1, 0, 0, 0, 1, 9.451357, 0.097311735, 0.21661758)
curve = SubResource("Curve3D_jrndn")
fixed_start_point = false
rigidbody_attached_to_start = NodePath("../Player")
rigidbody_attached_to_end = NodePath("../City")

[node name="Player" parent="." instance=ExtResource("2_eix37")]
transform = Transform3D(-1, 0, 1.509958e-07, 0, 1, 0, -1.509958e-07, 0, -1, 9.361565, -0.79465556, 4.0519643)
move_speed = 5.0

[node name="View" type="Node3D" parent="." node_paths=PackedStringArray("target")]
transform = Transform3D(0.707107, -0.298836, 0.640856, 0, 0.906308, 0.422618, -0.707107, -0.298836, 0.640856, -8, 0.785, -10)
script = ExtResource("3_qs6ff")
target = NodePath("../Player")
travel_offset = Vector3(0, 8, 15)
combat_offset = Vector3(14, 7, -10)

[node name="Camera" type="Camera3D" parent="View"]
transform = Transform3D(-0.67934626, -0.16144879, 0.7158375, 0.36696884, 0.7700151, 0.5219296, -0.63547087, 0.6172607, -0.4638601, 4.420465, 3.0879693, -1.5408032)
current = true
fov = 40.0

[node name="World" type="Node3D" parent="."]

[node name="platform" parent="World" instance=ExtResource("4_jieyl")]
transform = Transform3D(76.06451, 0, 0, 0, 1, 0, 0, 0, 63.46464, 0, -1.4064643, 0)
metadata/_edit_lock_ = true

[node name="Sun" type="DirectionalLight3D" parent="."]
transform = Transform3D(-0.42261797, -0.694272, 0.58256346, 0, 0.64278793, 0.76604384, -0.90630805, 0.32374403, -0.27165356, 0, 0, 0)
shadow_enabled = true
shadow_opacity = 0.75

[node name="HUD" parent="." instance=ExtResource("5_a1njh")]

[node name="City" parent="." instance=ExtResource("6_h4ats")]
transform = Transform3D(1, 0, 0, 0, 1, 0, 0, 0, 1, 9.451357, 0, -1.0479794)

[node name="objects_to_colletc" type="Node" parent="."]

[node name="PickUp1" parent="objects_to_colletc" instance=ExtResource("11_wt5jy")]
transform = Transform3D(0.9326201, 0, -0.36085966, 0, 1, 0, 0.36085966, 0, 0.9326201, 19.064693, 0.7745967, 12.607414)

[node name="PickUp7" parent="objects_to_colletc" instance=ExtResource("11_wt5jy")]
transform = Transform3D(0.9326201, 0, -0.36085966, 0, 1, 0, 0.36085966, 0, 0.9326201, 11.627035, 0.7745967, 17.40962)

[node name="PickUp8" parent="objects_to_colletc" instance=ExtResource("11_wt5jy")]
transform = Transform3D(1, 0, 0, 0, 1, 0, 0, 0, 1, -23.949726, 0.7745967, 7.1625843)

[node name="PickUp2" parent="objects_to_colletc" instance=ExtResource("11_wt5jy")]
transform = Transform3D(1, 0, 0, 0, 1, 0, 0, 0, 1, 18.325348, 0.7745967, 0)

[node name="PickUp3" parent="objects_to_colletc" instance=ExtResource("11_wt5jy")]
transform = Transform3D(1, 0, 0, 0, 1, 0, 0, 0, 1, 18.325348, 0.7745967, -7.7223682)

[node name="PickUp4" parent="objects_to_colletc" instance=ExtResource("11_wt5jy")]
transform = Transform3D(1, 0, 0, 0, 1, 0, 0, 0, 1, 7.0474663, 0.7745967, -11.020308)

[node name="PickUp5" parent="objects_to_colletc" instance=ExtResource("11_wt5jy")]
transform = Transform3D(1, 0, 0, 0, 1, 0, 0, 0, 1, -0.8982277, 0.7745967, -15.256263)

[node name="PickUp6" parent="objects_to_colletc" instance=ExtResource("11_wt5jy")]
transform = Transform3D(1, 0, 0, 0, 1, 0, 0, 0, 1, -7.817786, 0.585423, -8.186083)

[node name="CombatZone" parent="." instance=ExtResource("12_sacgu")]
transform = Transform3D(1, 0, 0, 0, 1, 0, 0, 0, 1, -7.384415, -0.8975048, 7.701627)
monitoring = true
monitorable = true

[node name="CombatZone2" parent="." instance=ExtResource("12_sacgu")]
transform = Transform3D(1, 0, 0, 0, 1, 0, 0, 0, 1, 11.067799, -0.8975048, 25.701626)
monitoring = true
monitorable = true

[node name="CombatZone3" parent="." instance=ExtResource("12_sacgu")]
transform = Transform3D(1, 0, 0, 0, 1, 0, 0, 0, 1, 28.465996, -0.8975048, 7.701627)
monitoring = true
monitorable = true

[node name="WorldEnvironment" type="WorldEnvironment" parent="."]
environment = SubResource("Environment_hl6ae")
